   1.0338523e+06  -8.1581251e+05  -7.5608526e+04  -5.0803052e+04  -1.1872162e+04  -3.8276723e+03  -3.0810333e+04
  -8.1581251e+05   2.0907420e+06  -9.5470332e+05  -8.8915327e+04  -7.8648102e+04  -1.8259498e+04  -3.5284191e+04
  -7.5608526e+04  -9.5470332e+05   2.3048896e+06  -9.4322531e+05  -7.7463091e+04  -5.9245080e+04  -3.9966636e+04
  -5.0803052e+04  -8.8915327e+04  -9.4322531e+05   2.3330092e+06  -9.1936673e+05  -6.6647872e+04  -4.5716944e+04
  -1.1872162e+04  -7.8648102e+04  -7.7463091e+04  -9.1936673e+05   2.2276495e+06  -7.8807257e+05  -5.3622316e+04
  -3.8276723e+03  -1.8259498e+04  -5.9245080e+04  -6.6647872e+04  -7.8807257e+05   1.4856205e+06  -7.4118144e+04
  -3.0810333e+04  -3.5284191e+04  -3.9966636e+04  -4.5716944e+04  -5.3622316e+04  -7.4118144e+04   9.9807566e+04
