   6.7128414e+07  -4.9245304e+07  -2.3662159e+07  -1.0403524e+07  -3.3524268e+06   3.0964713e+04   3.5529825e+06
  -4.9245304e+07   1.0693536e+08  -3.4235485e+07  -1.8136549e+07  -9.1903327e+06  -3.9514814e+06  -1.1202339e+06
  -2.3662159e+07  -3.4235485e+07   1.1691402e+08  -2.9414127e+07  -1.6102681e+07  -8.5833813e+06  -6.0014893e+06
  -1.0403524e+07  -1.8136549e+07  -2.9414127e+07   1.2032323e+08  -2.7261962e+07  -1.4659272e+07  -1.1426600e+07
  -3.3524268e+06  -9.1903327e+06  -1.6102681e+07  -2.7261962e+07   1.2225335e+08  -2.5042924e+07  -1.7823950e+07
   3.0964713e+04  -3.9514814e+06  -8.5833813e+06  -1.4659272e+07  -2.5042924e+07   1.2350286e+08  -2.5778306e+07
   3.5529825e+06  -1.1202339e+06  -6.0014893e+06  -1.1426600e+07  -1.7823950e+07  -2.5778306e+07   5.8545473e+07
