   6.3235675e-01   5.5187844e-01   4.6917708e-01   4.0436700e-01   3.5563736e-01   3.1978114e-01   2.9333857e-01   2.7365710e-01   2.5847144e-01   5.4481765e-01
   5.5187844e-01   5.3596278e-01   4.7693321e-01   4.1329683e-01   3.6390197e-01   3.2688798e-01   3.0005975e-01   2.8048273e-01   2.6634233e-01   5.4169744e-01
   4.6917708e-01   4.7693321e-01   4.8002072e-01   4.3635753e-01   3.8439892e-01   3.4400190e-01   3.1382761e-01   2.9251652e-01   2.7831611e-01   5.3857141e-01
   4.0436700e-01   4.1329683e-01   4.3635753e-01   4.5107371e-01   4.1637004e-01   3.7122045e-01   3.3631421e-01   3.1149216e-01   2.9654061e-01   5.3544579e-01
   3.5563736e-01   3.6390197e-01   3.8439892e-01   4.1637004e-01   4.3785675e-01   4.0861289e-01   3.6878890e-01   3.4021763e-01   3.2348091e-01   5.3232613e-01
   3.1978114e-01   3.2688798e-01   3.4400190e-01   3.7122045e-01   4.0861289e-01   4.3539414e-01   4.1245852e-01   3.8069528e-01   3.6232908e-01   5.2921762e-01
   2.9333857e-01   3.0005975e-01   3.1382761e-01   3.3631421e-01   3.6878890e-01   4.1245852e-01   4.4727380e-01   4.3451873e-01   4.1592156e-01   5.2612555e-01
   2.7365710e-01   2.8048273e-01   2.9251652e-01   3.1149216e-01   3.4021763e-01   3.8069528e-01   4.3451873e-01   4.8247562e-01   4.8560627e-01   5.2305577e-01
   2.5847144e-01   2.6634233e-01   2.7831611e-01   2.9654061e-01   3.2348091e-01   3.6232908e-01   4.1592156e-01   4.8560627e-01   5.5075908e-01   5.2001492e-01
   5.4481765e-01   5.4169744e-01   5.3857141e-01   5.3544579e-01   5.3232613e-01   5.2921762e-01   5.2612555e-01   5.2305577e-01   5.2001492e-01   5.3540628e+01
