   3.0706416e+08  -8.3703644e+07  -5.1978382e+07  -3.3934679e+07  -2.3094399e+07  -1.6668254e+07  -1.2113928e+07
  -8.3703644e+07   3.4003854e+08  -6.4901811e+07  -4.0657523e+07  -2.7192449e+07  -1.9146101e+07  -1.2376873e+07
  -5.1978382e+07  -6.4901811e+07   3.5136675e+08  -5.8148174e+07  -3.6695501e+07  -2.5340342e+07  -1.3057194e+07
  -3.3934679e+07  -4.0657523e+07  -5.8148174e+07   3.5533287e+08  -5.6289572e+07  -3.7090753e+07  -1.4313445e+07
  -2.3094399e+07  -2.7192449e+07  -3.6695501e+07  -5.6289572e+07   3.5494004e+08  -5.9441831e+07  -1.6438051e+07
  -1.6668254e+07  -1.9146101e+07  -2.5340342e+07  -3.7090753e+07  -5.9441831e+07   3.4652459e+08  -1.9983537e+07
  -1.2113928e+07  -1.2376873e+07  -1.3057194e+07  -1.4313445e+07  -1.6438051e+07  -1.9983537e+07   1.4644653e+07
