   1.9923882e+07  -2.3129971e+07   1.2316135e+07  -8.0392843e+06   3.9037948e+06  -1.5745599e+06  -2.0094931e+05
  -2.3129971e+07   5.5725704e+07  -4.3681168e+07   2.4381175e+07  -1.3583472e+07   4.3003217e+06  -2.4039083e+05
   1.2316135e+07  -4.3681168e+07   6.7799214e+07  -4.9221884e+07   2.4783972e+07  -8.7463009e+06  -1.6685655e+05
  -8.0392843e+06   2.4381175e+07  -4.9221884e+07   6.8197219e+07  -4.4386623e+07   1.3839964e+07  -3.1374490e+05
   3.9037948e+06  -1.3583472e+07   2.4783972e+07  -4.4386623e+07   5.7255975e+07  -2.5146042e+07  -1.1208254e+05
  -1.5745599e+06   4.3003217e+06  -8.7463009e+06   1.3839964e+07  -2.5146042e+07   2.4333672e+07  -5.3908940e+05
  -2.0094931e+05  -2.4039083e+05  -1.6685655e+05  -3.1374490e+05  -1.1208254e+05  -5.3908940e+05   2.1284251e+06
