   1.2374389e+06  -4.5054018e+05  -3.0978537e+05  -2.1181000e+05  -1.4049909e+05  -8.8583275e+04  -4.6454190e+04
  -4.5054018e+05   1.4671051e+06  -3.1945050e+05  -2.2996794e+05  -1.6362579e+05  -1.1145425e+05  -6.1039099e+04
  -3.0978537e+05  -3.1945050e+05   1.5627364e+06  -2.5653314e+05  -1.8902431e+05  -1.3708861e+05  -7.5892584e+04
  -2.1181000e+05  -2.2996794e+05  -2.5653314e+05   1.6086773e+06  -2.2527596e+05  -1.6849823e+05  -9.1348361e+04
  -1.4049909e+05  -1.6362579e+05  -1.8902431e+05  -2.2527596e+05   1.6275483e+06  -2.1516843e+05  -1.0772617e+05
  -8.8583275e+04  -1.1145425e+05  -1.3708861e+05  -1.6849823e+05  -2.1516843e+05   1.6081051e+06  -1.2519362e+05
  -4.6454190e+04  -6.1039099e+04  -7.5892584e+04  -9.1348361e+04  -1.0772617e+05  -1.2519362e+05   1.4956909e+05
